         217

 1       0.000000    0.000000    0.000000
 1       1.350304    1.350304    1.350304
 1       2.700120    2.700120    0.000027
 1       4.050899    4.050899    1.349973
 1       2.700120    0.000027    2.700120
 1       4.050899    1.349973    4.050899
 1       0.000027    2.700120    2.700120
 1       1.349973    4.050899    4.050899
 1       5.399851    0.000000    0.000000
 1       6.750942    1.350222    1.350222
 1      -8.099999    2.700866    0.000000
 1      -6.749398    4.050957    1.350968
 1      -8.099999    0.000000    2.700866
 1      -6.749398    1.350968    4.050957
 1       5.398178    2.700517    2.700517
 1       6.755602    4.048646    4.048646
 1       0.000000    5.399851    0.000000
 1       1.350222    6.750942    1.350222
 1       2.700866   -8.099999    0.000000
 1       4.050957   -6.749398    1.350968
 1       2.700517    5.398178    2.700517
 1       4.048646    6.755602    4.048646
 1       0.000000   -8.099999    2.700866
 1       1.350968   -6.749398    4.050957
 1       0.000000    0.000000    5.399851
 1       1.350222    1.350222    6.750942
 1       2.700517    2.700517    5.398178
 1       4.048646    4.048646    6.755602
 1       2.700866    0.000000   -8.099999
 1       4.050957    1.350968   -6.749398
 1       0.000000    2.700866   -8.099999
 1       1.350968    4.050957   -6.749398
 1       5.400335    5.400335    0.000088
 1       6.750778    6.750778    1.349922
 1      -8.099999   -8.099999    0.000000
 1      -6.750778   -6.750778    1.349922
 1       8.097092    5.400640    2.699491
 1      -6.740846    6.740846    4.046210
 1       5.400640    8.097092    2.699491
 1       6.740846   -6.740846    4.046210
 1       0.000088    5.400335    5.400335
 1       1.349922    6.750778    6.750778
 1       2.699491    8.097092    5.400640
 1       4.046210   -6.740846    6.740846
 1       2.699491    5.400640    8.097092
 1       4.046210    6.740846   -6.740846
 1       0.000000   -8.099999   -8.099999
 1       1.349922   -6.750778   -6.750778
 1       5.400335    0.000088    5.400335
 1       6.750778    1.349922    6.750778
 1       8.097092    2.699491    5.400640
 1      -6.740846    4.046210    6.740846
 1      -8.099999    0.000000   -8.099999
 1      -6.750778    1.349922   -6.750778
 1       5.400640    2.699491    8.097092
 1       6.740846    4.046210   -6.740846
 1       5.373954    5.373954    5.373954
 1       6.714317    6.714317    6.714317
 1      -8.099999   -8.099999    5.367815
 1      -6.714317   -6.714317    6.714317
 1      -8.099999    5.367815   -8.099999
 1      -6.714317    6.714317   -6.714317
 1       5.367815   -8.099999   -8.099999
 1       6.714317   -6.714317   -6.714317
 1      -5.399851    0.000000    0.000000
 1      -4.050801    1.350316    1.350316
 1      -2.700120    2.700120   -0.000027
 1      -1.350316    4.050801    1.350316
 1      -2.700120   -0.000027    2.700120
 1      -1.350316    1.350316    4.050801
 1      -5.399802    2.700387    2.700387
 1      -4.049836    4.049836    4.049836
 1       0.000000   -5.399851    0.000000
 1       1.350316   -4.050801    1.350316
 1       2.700120   -2.700120   -0.000027
 1       4.050801   -1.350316    1.350316
 1       2.700387   -5.399802    2.700387
 1       4.049836   -4.049836    4.049836
 1      -0.000027   -2.700120    2.700120
 1       1.350316   -1.350316    4.050801
 1       0.000000    0.000000   -5.399851
 1       1.350316    1.350316   -4.050801
 1       2.700387    2.700387   -5.399802
 1       4.049836    4.049836   -4.049836
 1       2.700120   -0.000027   -2.700120
 1       4.050801    1.350316   -1.350316
 1      -0.000027    2.700120   -2.700120
 1       1.350316    4.050801   -1.350316
 1      -5.400335    5.400335   -0.000088
 1      -4.050957    6.749398    1.350968
 1      -2.700866   -8.099999    0.000000
 1      -1.350222   -6.750942    1.350222
 1      -2.700387    5.399802    2.700387
 1      -1.350968    6.749398    4.050957
 1      -5.400640   -8.097092    2.699491
 1      -4.048646   -6.755602    4.048646
 1      -5.400335   -0.000088    5.400335
 1      -4.050957    1.350968    6.749398
 1      -2.700387    2.700387    5.399802
 1      -1.350968    4.050957    6.749398
 1      -2.700866    0.000000   -8.099999
 1      -1.350222    1.350222   -6.750942
 1      -5.400640    2.699491   -8.097092
 1      -4.048646    4.048646   -6.755602
 1       5.400335   -5.400335   -0.000088
 1       6.749398   -4.050957    1.350968
 1      -8.099999   -2.700866    0.000000
 1      -6.750942   -1.350222    1.350222
 1      -8.097092   -5.400640    2.699491
 1      -6.755602   -4.048646    4.048646
 1       5.399802   -2.700387    2.700387
 1       6.749398   -1.350968    4.050957
 1      -0.000088   -5.400335    5.400335
 1       1.350968   -4.050957    6.749398
 1       2.700387   -2.700387    5.399802
 1       4.050957   -1.350968    6.749398
 1       2.699491   -5.400640   -8.097092
 1       4.048646   -4.048646   -6.755602
 1       0.000000   -2.700866   -8.099999
 1       1.350222   -1.350222   -6.750942
 1      -0.000088    5.400335   -5.400335
 1       1.350968    6.749398   -4.050957
 1       2.699491   -8.097092   -5.400640
 1       4.048646   -6.755602   -4.048646
 1       2.700387    5.399802   -2.700387
 1       4.050957    6.749398   -1.350968
 1       0.000000   -8.099999   -2.700866
 1       1.350222   -6.750942   -1.350222
 1       5.400335   -0.000088   -5.400335
 1       6.749398    1.350968   -4.050957
 1      -8.097092    2.699491   -5.400640
 1      -6.755602    4.048646   -4.048646
 1      -8.099999    0.000000   -2.700866
 1      -6.750942    1.350222   -1.350222
 1       5.399802    2.700387   -2.700387
 1       6.749398    4.050957   -1.350968
 1      -5.399138    5.399138    5.399138
 1      -4.046210    6.740846    6.740846
 1      -2.699491   -8.097092    5.400640
 1      -1.349922   -6.750778    6.750778
 1      -2.699491    5.400640   -8.097092
 1      -1.349922    6.750778   -6.750778
 1      -5.367815   -8.099999   -8.099999
 1      -4.046210   -6.740846   -6.740846
 1       5.399138   -5.399138    5.399138
 1       6.740846   -4.046210    6.740846
 1      -8.097092   -2.699491    5.400640
 1      -6.750778   -1.349922    6.750778
 1      -8.099999   -5.367815   -8.099999
 1      -6.740846   -4.046210   -6.740846
 1       5.400640   -2.699491   -8.097092
 1       6.750778   -1.349922   -6.750778
 1       5.399138    5.399138   -5.399138
 1       6.740846    6.740846   -4.046210
 1      -8.099999   -8.099999   -5.367815
 1      -6.740846   -6.740846   -4.046210
 1      -8.097092    5.400640   -2.699491
 1      -6.750778    6.750778   -1.349922
 1       5.400640   -8.097092   -2.699491
 1       6.750778   -6.750778   -1.349922
 1      -5.400335   -5.400335    0.000088
 1      -4.050899   -4.050899    1.349973
 1      -2.700120   -2.700120    0.000027
 1      -1.350304   -1.350304    1.350304
 1      -2.700517   -5.398178    2.700517
 1      -1.349973   -4.050899    4.050899
 1      -5.398178   -2.700517    2.700517
 1      -4.050899   -1.349973    4.050899
 1      -5.400335    0.000088   -5.400335
 1      -4.050899    1.349973   -4.050899
 1      -2.700517    2.700517   -5.398178
 1      -1.349973    4.050899   -4.050899
 1      -2.700120    0.000027   -2.700120
 1      -1.350304    1.350304   -1.350304
 1      -5.398178    2.700517   -2.700517
 1      -4.050899    4.050899   -1.349973
 1       0.000088   -5.400335   -5.400335
 1       1.349973   -4.050899   -4.050899
 1       2.700517   -2.700517   -5.398178
 1       4.050899   -1.349973   -4.050899
 1       2.700517   -5.398178   -2.700517
 1       4.050899   -4.050899   -1.349973
 1       0.000027   -2.700120   -2.700120
 1       1.350304   -1.350304   -1.350304
 1      -5.373954   -5.373954    5.373954
 1      -4.048646   -4.048646    6.755602
 1      -2.700517   -2.700517    5.398178
 1      -1.350222   -1.350222    6.750942
 1      -2.699491   -5.400640    8.097092
 1      -1.350968   -4.050957   -6.749398
 1      -5.400640   -2.699491    8.097092
 1      -4.050957   -1.350968   -6.749398
 1      -5.373954    5.373954   -5.373954
 1      -4.048646    6.755602   -4.048646
 1      -2.699491    8.097092   -5.400640
 1      -1.350968   -6.749398   -4.050957
 1      -2.700517    5.398178   -2.700517
 1      -1.350222    6.750942   -1.350222
 1      -5.400640    8.097092   -2.699491
 1      -4.050957   -6.749398   -1.350968
 1       5.373954   -5.373954   -5.373954
 1       6.755602   -4.048646   -4.048646
 1       8.097092   -2.699491   -5.400640
 1      -6.749398   -1.350968   -4.050957
 1       8.097092   -5.400640   -2.699491
 1      -6.749398   -4.050957   -1.350968
 1       5.398178   -2.700517   -2.700517
 1       6.750942   -1.350222   -1.350222
 1      -5.399138   -5.399138   -5.399138
 1      -4.049836   -4.049836   -4.049836
 1      -2.700387   -2.700387   -5.399802
 1      -1.350316   -1.350316   -4.050801
 1      -2.700387   -5.399802   -2.700387
 1      -1.350316   -4.050801   -1.350316
 1      -5.399802   -2.700387   -2.700387
 1      -4.050801   -1.350316   -1.350316
 1      -8.099999   -8.099999   -8.099999
